340
53
335
23
315
136
210
323
376
448
443
4
209
208
96
151
133
217
312
282
126
390
48
395
319
256
489
323
357
192
8
487
300
136
371
349
122
403
300
164
327
293
202
405
397
11
399
44
463
307
320
447
133
180
344
48
284
331
260
144
493
85
182
410
83
84
178
456
336
334
274
329
21
88
103
179
358
33
150
392
358
77
72
297
250
195
130
474
58
203
450
349
3
170
229
11
493
15
272
233
362
314
151
366
246
438
472
473
87
414
473
455
115
437
430
337
499
419
446
97
191
196
268
360
208
455
475
386
137
403
413
428
369
242
198
310
415
243
36
10
402
153
140
180
496
481
466
206
147
328
91
351
300
407
292
1
490
75
159
129
76
202
377
31
429
328
229
175
343
295
154
182
207
363
315
312
469
63
456
433
434
61
20
179
441
481
493
495
329
71
246
270
144
30
69
111
493
45
190
381
133
394
46
432
144
124
96
391
159
357
144
297
91
199
28
66
270
377
467
466
215
441
64
449
162
282
76
348
475
438
138
489
139
166
283
199
278
490
50
397
352
199
424
192
205
171
199
373
177
215
448
236
416
480
226
206
497
11
382
73
122
201
183
95
323
39
113
434
402
458
493
278
130
297
40
95
147
69
397
301
404
362
88
403
216
167
86
246
407
234
404
397
372
354
449
387
372
386
92
430
435
54
311
498
473
499
330
103
89
54
331
393
227
467
119
179
64
21
187
198
289
360
383
388
75
331
91
177
16
305
254
85
41
6
407
213
239
398
426
28
113
146
432
11
143
147
98
459
122
331
357
164
324
355
341
155
294
318
249
421
316
439
461
276
471
83
159
115
464
65
420
82
164
59
24
17
318
470
48
36
480
414
107
497
169
141
464
124
210
374
356
263
406
462
334
68
82
148
178
345
62
295
276
434
102
309
197
241
174
102
201
173
87
201
86
448
9
354
125
452
419
454
134
353
169
493
483
301
460
121
168
340
111
180
397
192
343
477
310
490
284
146
53
249
254
419
234
82
206
344
18
261
109
141
131
296
103
378
484
400
402
243
57
403
264
154
485
108
178
258
431
488
23
69
466
229
321
433
228
421
205
73
396
49
12
121
124
263
412
445
134
90
118
451
175
79
308
324
177
368
